0,0,0,0,1.7347e-18,-6.9389e-18
-0.00053637,0.06136,0.013945,0.00019692,6.5038e-05,4.6371e-05
0.034016,0.025657,0.039391,-0.0052994,0.00033961,-0.0003688
0.027336,0.073782,0.22115,-0.0046592,0.0014428,0.0001152
0.012116,0.052046,0.14186,-0.0035418,0.0013565,5.8803e-05
0.018084,0.11115,0.11997,-0.0041037,0.0010342,0.00029775
0.024909,0.074484,0.16122,-0.0038623,0.0010581,0.00055222
0.019845,0.071452,0.17319,-0.0035887,0.0011905,0.00060679
0.030242,0.12779,0.16628,-0.0034439,0.0011468,0.0009522
0.042957,0.076692,0.17621,-0.0036399,0.0011722,0.0011545
0.040129,0.043969,0.17607,-0.0027664,0.0012895,0.0012477
0.04134,0.11864,0.17048,-0.0036095,0.00095181,0.0012441
0.038931,0.073142,0.12594,-0.0029401,0.00092584,0.0010431
0.035878,0.054744,0.13136,-0.001969,0.001061,0.0011275
0.043734,0.12976,0.1641,-0.0029634,0.00096526,0.0014193
0.065236,0.082148,0.15891,-0.0046987,0.00065777,0.0016637
0.10291,0.063925,0.1161,-0.0050344,0.00024435,0.002232
0.097307,0.14315,0.041647,-0.0037879,0.00029643,0.0017889
0.096012,0.051303,0.028423,-0.002786,0.00023895,0.0015684
0.084617,0.079493,0.083893,-0.0026273,0.00042198,0.0016038
0.083752,0.13603,0.064813,-0.0020812,0.0001564,0.0018835
0.07894,0.093128,0.13315,-0.0032751,0.00054832,0.0019827
0.067663,0.11854,0.12609,-0.0030495,0.00044156,0.0016639
0.075244,0.1168,0.11981,-0.0037683,0.00040075,0.0012841
0.070913,0.057536,0.11664,-0.0024928,0.00023654,0.001186
0.075051,0.12748,0.14413,-0.0029403,0.00027092,0.0014065
0.074799,0.11663,0.092962,-0.0027432,0.00030954,0.0014146
0.07552,0.068482,0.1169,-0.0016521,0.0003929,0.0015833
0.068055,0.17136,0.12999,-0.0024217,0.00032316,0.0015108
0.075866,0.084606,0.093789,-0.0022672,0.00051866,0.0015489
0.074008,0.072242,0.11389,-0.001832,0.00041878,0.0015398
0.069243,0.16733,0.095632,-0.00249,0.000283,0.0015194
0.077548,0.050323,0.073429,-0.0015237,0.00030034,0.0013692
0.080221,0.074701,0.14222,-0.0023929,0.0005133,0.0015306
0.092882,0.1423,0.11077,-0.0019888,0.00038434,0.002042
0.13818,0.045698,0.10694,-0.0023218,0.00042841,0.0026162
0.13791,0.072729,0.016809,-0.0004397,0.0002044,0.0024572
0.11891,0.14933,0.002833,-0.00077373,0.00011804,0.0018382
0.12619,0.073994,-0.010999,-0.00069591,0.00027968,0.0017951
0.11592,0.082075,0.055144,-0.00079184,0.00034042,0.0017184
0.11306,0.15095,0.027347,-5.5051e-05,0.00019915,0.0018121
0.10885,0.10429,-0.0037452,-0.00084716,0.00021359,0.0016024
0.10908,0.10644,0.018589,-0.00025912,0.00037285,0.0017331
0.11137,0.15475,0.01268,-0.00073668,0.00049995,0.0019071
0.11754,0.093658,0.0036207,0.00014995,0.00058839,0.0019039
0.10745,0.13775,0.019879,0.0003057,0.00052181,0.0018333
0.093907,0.13725,-0.012559,-0.00044385,0.00078896,0.0016762
0.096716,0.085988,0.0013457,0.00037478,0.0010308,0.0017576
0.10532,0.12588,0.027248,0.00046152,0.0010893,0.0018129
0.11052,0.1401,0.014023,-0.00051223,0.0014245,0.0018579
0.10183,0.087539,-0.010382,0.00078192,0.0012338,0.001808
0.10066,0.16346,-0.051638,0.00042773,0.00040953,0.0020062
0.093542,0.082935,-0.064943,0.00024159,0.00088937,0.0018684
0.093308,0.08456,-0.039349,0.00072983,0.0011468,0.0020224
0.097264,0.15987,0.0072831,0.00029967,0.00076872,0.0021178
0.10249,0.10062,-0.048641,0.00077825,0.00081936,0.0019951
0.090622,0.099646,-0.0083429,0.00033513,0.00082305,0.0019104
0.085053,0.12357,-0.028823,0.00031596,0.00080274,0.0018186
0.102,0.17827,-0.043693,0.00055243,0.00038398,0.0022116
0.10295,0.13054,-0.09111,0.00058448,0.00045513,0.0021968
0.082522,0.071622,-0.067129,0.001345,0.00078295,0.0019797
0.085561,0.13975,-0.092505,0.0022632,0.00049298,0.0020276
0.088124,0.15643,-0.1142,0.0018699,0.00043387,0.0020122
0.083556,0.087164,-0.087431,0.0018703,0.00064072,0.0018889
0.082002,0.14139,-0.040587,0.0015595,0.00063472,0.0020426
0.087202,0.1496,-0.11689,0.0019772,6.4018e-05,0.0019683
0.082013,0.08538,-0.077284,0.0023443,0.00026101,0.0018546
0.075981,0.15146,-0.078123,0.0024629,0.0002803,0.0017959
0.080896,0.15819,-0.049023,0.0012994,0.00044485,0.0019947
0.076707,0.11379,-0.033,0.0011098,0.0006614,0.0017814
0.079766,0.15272,-0.050954,0.0017092,0.0003627,0.002044
0.079425,0.13838,-0.083799,0.0014891,0.00010098,0.0020086
0.060994,0.079566,-0.061661,0.0021346,0.00047221,0.0017008
0.057401,0.14163,-0.049091,0.0017592,0.00040572,0.0018984
0.067374,0.11958,-0.11391,0.0020964,0.00023763,0.0018445
0.064737,0.093695,-0.063012,0.0026622,0.00036651,0.0018487
0.065458,0.16472,-0.081095,0.0021539,6.1135e-05,0.0017264
0.071413,0.08529,-0.10571,0.0025287,3.9561e-05,0.001595
0.080928,0.097519,-0.13453,0.0036867,-0.00025496,0.0016206
0.072361,0.15032,-0.12275,0.0034441,-0.00048544,0.0016382
0.080079,0.13797,-0.15992,0.0029202,-0.00046901,0.0015507
0.06532,0.073983,-0.10873,0.0036677,-0.00019706,0.0013784
0.080615,0.13708,-0.10648,0.0033425,-0.00075023,0.0017825
0.10577,0.098206,-0.16412,0.003464,-0.00088243,0.0020006
0.11771,0.12968,-0.17009,0.0041615,-0.00099633,0.0023091
0.11176,0.12552,-0.18634,0.0030351,-0.0010645,0.001998
0.10305,0.072299,-0.15843,0.0036944,-0.0009072,0.001797
0.10852,0.13766,-0.14044,0.0034117,-0.00084491,0.0020699
0.099368,0.084278,-0.19194,0.0039272,-0.0013802,0.0020618
0.097817,0.092193,-0.13966,0.0039687,-0.0015815,0.0019701
0.094413,0.15855,-0.14797,0.0032012,-0.0017739,0.0020698
0.10092,0.056988,-0.20994,0.0040078,-0.0012496,0.0021666
0.08769,0.091254,-0.2082,0.0045419,-0.0011518,0.0020159
0.099591,0.14451,-0.28468,0.0047289,-0.00139,0.0022856
0.10129,0.047738,-0.34288,0.00469,-0.0010643,0.0022401
0.10029,0.082608,-0.30229,0.0053878,-0.00085839,0.0023296
0.10309,0.15571,-0.27465,0.0044051,-0.0010276,0.0023004
0.1201,0.049639,-0.30288,0.0056065,-0.0010547,0.0024395
0.12576,0.10525,-0.25969,0.0056743,-0.0010091,0.002604
0.13607,0.090379,-0.32167,0.0055483,-0.0011225,0.0025841
0.13579,0.098187,-0.30057,0.0061168,-0.0012519,0.0026731
0.14912,0.14171,-0.33806,0.0049133,-0.0013756,0.0029789
0.13457,0.053576,-0.32251,0.0054485,-0.0012819,0.002725
0.12503,0.13616,-0.31014,0.0057285,-0.0012258,0.0028128
0.13074,0.073593,-0.31251,0.0057485,-0.0015613,0.0027242
0.13049,0.1012,-0.28412,0.0055066,-0.0013029,0.002768
0.13744,0.16033,-0.35735,0.0051111,-0.0012152,0.0030845
0.16011,0.04735,-0.3512,0.0051052,-0.0014369,0.0033305
0.16809,0.093284,-0.28183,0.005552,-0.0015876,0.0032464
0.20686,0.077362,-0.46083,0.0021286,-0.00082658,0.0035426
0.27107,0.0099334,-0.40693,-0.0031391,-0.00073698,0.0052018
0.25369,0.10002,-0.32723,0.00027465,-0.00038267,0.0052845
0.2468,0.16834,-0.3717,0.00098133,-0.00011422,0.0051583
0.25315,0.069903,-0.38504,0.0025028,-0.00031993,0.0052946
0.24768,0.10575,-0.36783,0.0029815,-0.00040175,0.00533
0.23736,0.12651,-0.39998,0.0024483,-0.00030505,0.0050461
0.20665,0.058695,-0.34718,0.0025138,-8.0009e-05,0.0043375
0.21158,0.11763,-0.39916,0.0028549,-0.00051299,0.0045753
0.21128,0.088069,-0.48401,0.0032712,-0.00055593,0.004507
0.20076,0.075091,-0.45371,0.0032595,-0.0003664,0.0042774
0.18917,0.14737,-0.43573,0.0024627,-0.00041022,0.0039707
0.19534,0.031212,-0.45045,0.0032434,-0.00022341,0.0037867
0.19331,0.081257,-0.4005,0.0034075,-0.0001091,0.0036893
0.16833,0.14832,-0.36712,0.002679,-0.00022964,0.0033674
0.15531,0.04668,-0.31663,0.0028129,0.00022216,0.0032318
0.14331,0.086749,-0.28879,0.0036797,0.00043271,0.0030829
0.14834,0.14774,-0.32585,0.0036935,0.0002288,0.0033737
0.15917,0.036388,-0.3446,0.003674,0.00018377,0.0034971
0.16379,0.11823,-0.41841,0.0045454,8.102e-05,0.0037627
0.16829,0.16579,-0.4395,0.0034098,4.061e-06,0.0037561
0.1651,0.029658,-0.3968,0.0032406,0.00021572,0.0035011
0.15264,0.091496,-0.36212,0.0037803,0.0001632,0.0033368
0.15821,0.15356,-0.36759,0.0040049,0.00014095,0.0034631
0.16166,0.045524,-0.33788,0.0035233,0.00042399,0.0035128
0.16353,0.095764,-0.31025,0.0038957,0.00041812,0.0035163
0.18172,0.17238,-0.31771,0.0035515,0.00015796,0.0038636
0.18571,0.091028,-0.3323,0.0034165,0.00031745,0.0036513
0.18078,0.090572,-0.34599,0.0043861,0.00038391,0.0036233
0.20102,-0.053548,-0.70044,0.006462,-0.00021177,0.0028191
0.18284,0.014415,-0.70443,0.0063436,0.00026614,0.0029264
0.17316,0.0059868,-0.71075,0.0072984,0.0010042,0.0030461
0.1786,0.042604,-0.74367,0.0072581,0.0007275,0.003287
0.18729,0.089478,-0.75651,0.0074149,0.00090001,0.0033061
0.20319,0.018753,-0.71603,0.0076429,0.0010655,0.0033997
0.20329,0.037791,-0.74866,0.0084341,0.0010157,0.0034465
0.2078,0.145,-0.78484,0.0078687,0.00077314,0.0037136
0.21389,0.026817,-0.82325,0.0075671,0.00083629,0.003577
0.20397,0.018214,-0.79386,0.0084488,0.00080912,0.0034327
0.19878,0.091275,-0.74924,0.0076373,0.00076658,0.0034291
0.20539,0.075966,-0.76835,0.0077491,0.00054304,0.003421
0.21071,0.010118,-0.78937,0.0077919,0.00046843,0.0033955
0.19509,0.029202,-0.74905,0.0075749,0.00026157,0.0029485
0.18902,0.05298,-0.72983,0.0071159,0.00025405,0.0028152
0.2028,0.033084,-0.7641,0.0069073,0.00019472,0.0028471
0.18891,0.013666,-0.75766,0.0072698,0.0004276,0.0029234
0.19712,0.043981,-0.75146,0.0078795,-0.00011906,0.0030743
0.19407,0.056497,-0.76195,0.0081366,0.00030632,0.002986
0.19514,0.096189,-0.73105,0.0075557,0.00024662,0.0029072
0.19276,0.054131,-0.84741,0.0071585,0.00063821,0.0023807
0.1986,-0.040808,-0.81348,0.0084548,0.00068053,0.0021198
0.18952,0.0090883,-0.74319,0.0091742,0.0011472,0.0023768
0.19144,0.084632,-0.80351,0.0092321,0.001279,0.0025437
0.1982,0.0061962,-0.72613,0.0089321,0.0010045,0.0026067
0.20006,0.066878,-0.73626,0.0083903,0.00072955,0.0026042
0.20399,0.027632,-0.77024,0.0086643,0.00071377,0.0024042
0.2034,0.014581,-0.74205,0.009568,0.00068505,0.0023765
0.20672,0.055676,-0.75452,0.010216,0.00045218,0.002723
0.21893,0.061663,-0.77083,0.0095547,0.00042894,0.0028589
0.20415,0.021149,-0.71621,0.010114,0.00046764,0.0025115
0.19702,0.035154,-0.71973,0.010447,0.00065708,0.0024916
0.19913,0.092395,-0.74656,0.010563,0.00066436,0.0025759
0.23017,0.11504,-0.76889,0.0090282,-6.514e-05,0.0028832
0.22081,0.015109,-0.73057,0.0090222,8.9213e-05,0.0023176
0.21915,0.039585,-0.72106,0.0099473,0.00032976,0.0022478
0.21456,0.048318,-0.73899,0.010331,0.00038659,0.0022693
0.222,0.10075,-0.76888,0.010177,0.00033201,0.0027233
0.21927,0.022978,-0.78695,0.0091994,0.00031703,0.0024
0.20766,0.00441,-0.75714,0.010185,0.00033985,0.0021274
0.21466,0.12658,-0.73901,0.0088861,-0.00028016,0.0021617
0.2179,0.027029,-0.7851,0.0091057,7.3609e-05,0.0021294
0.21578,-0.022994,-0.75818,0.010058,0.00025991,0.002171
0.20602,0.045908,-0.74489,0.010326,0.0001546,0.0021056
0.19775,0.067849,-0.74874,0.01005,-0.00017021,0.0020616
0.19345,0.019207,-0.78048,0.01027,-0.00011628,0.0019876
0,0,0,0,0,0
0.0029889,0.034709,0.061286,-0.00018991,0.00014055,0.00016204
0.022657,-0.00077665,-0.0195,0.00058588,-7.1452e-05,0.00037291
0.024111,-0.042748,0.041454,0.001709,-0.0001744,0.0003333
0.021287,0.023655,0.065919,0.0011434,-0.00011603,0.00057121
0.011805,0.08846,0.031744,0.00015833,-0.00015259,0.00079449
0.0017625,-0.021244,0.071987,0.00016164,5.6604e-05,0.00054897
-0.016267,0.0081583,0.11979,0.0013524,-0.00016575,0.00017793
-0.02644,0.079507,0.12008,0.00088298,-0.00053518,0.00011843
0.0042874,0.023459,0.079589,0.0015102,-0.00069268,0.00030546
0.016286,0.0080867,0.070011,0.002088,-0.00075068,0.00057904
0.025179,0.070163,0.027604,0.00072696,-0.0015371,0.0010584
0.02465,-0.008038,0.026237,9.8151e-05,-0.0016335,0.00063665
0.020267,-0.034808,0.045427,0.0018866,-0.0016824,0.00039277
0.037373,0.03018,0.0016738,0.0018888,-0.0020323,0.00053804
0.052471,-0.008198,0.0005505,0.0012762,-0.0016999,0.00070817
0.062688,0.00067961,0.011739,0.0012617,-0.0011246,0.0010984
0.065746,0.026164,-0.058499,0.0015625,-0.001195,0.00092254
0.065138,-0.0451,-0.045807,0.0022703,-0.001212,0.00071332
0.050613,-0.042651,-0.070466,0.0017904,-0.0011924,0.0006285
0.065814,0.030595,-0.034124,0.00063587,-0.00097581,0.0012491
0.054588,-0.034614,-0.051169,0.0017121,-0.00077744,0.00094639
0.047184,-0.040753,-0.028335,0.0025541,-0.00070275,0.00079565
0.037905,0.028222,-0.048083,0.0026625,-0.00053804,0.00094352
0.032593,0.016263,-0.053187,0.0025774,-0.00028015,0.00082411
0.039745,-0.0011123,-0.0049589,0.0022877,-0.00059665,0.00069612
0.040658,0.056357,-0.068506,0.0023858,-0.00060156,0.00095353
0.062357,-0.014979,-0.082154,0.0030676,-0.00074973,0.0013811
0.039078,0.010772,-0.068865,0.0033193,-0.00046765,0.00091674
0.044385,0.072047,-0.11213,0.0022377,-0.00061042,0.0011893
0.049245,-0.027067,-0.1134,0.002065,-0.00035458,0.0010685
0.032716,-0.014408,-0.080437,0.0027863,-0.00022184,0.00068666
0.027636,0.069098,-0.10955,0.0026628,-0.00022314,0.00092388
0.026808,-0.016571,-0.10821,0.0023545,-0.00011731,0.00066454
0.027033,-0.018719,-0.076058,0.0029791,-0.00013173,0.00056933
0.026194,0.035594,-0.081955,0.0025678,-0.0002416,0.00063565
0.028316,0.00047341,-0.097331,0.0031186,-0.00030169,0.00071214
0.031589,0.025458,-0.03434,0.0023978,-0.00015123,0.00088351
0.028344,0.059947,-0.10311,0.0022304,-6.6335e-05,0.00088272
0.028056,-0.015248,-0.070488,0.0028949,-5.2835e-05,0.00064559
0.026103,0.023493,-0.064116,0.003561,-0.00012436,0.0004994
0.04699,0.088868,-0.11047,0.0031248,-0.00063282,0.00094623
0.032131,0.019439,-0.11599,0.0020111,-0.00032179,0.00073172
0.026422,0.0081183,-0.032638,0.0019961,-0.00044327,0.00052938
0.036662,0.083709,-0.058178,0.0019793,-0.00056694,0.00078956
0.045745,0.02679,-0.060514,0.0026379,-0.00045481,0.0010278
0.040401,0.055127,-0.019862,0.0024751,-0.00038122,0.0011219
0.049759,0.053779,-0.075549,0.0023414,-0.00058403,0.0012665
0.051797,0.012617,-0.016958,0.0022753,-0.00073045,0.0011086
0.062359,0.057227,-0.044066,0.0021463,-0.00081782,0.001162
0.058231,0.02889,-0.091004,0.0021893,-0.00067984,0.0010108
0.053324,-0.010155,-0.051684,0.0025577,-0.00049992,0.00083651
0.055242,0.021749,-0.058004,0.0032453,-0.00063855,0.00086359
0.059795,0.084252,-0.017894,0.0015738,-0.0011801,0.0010852
0.096186,-0.078786,0.1027,-0.0046676,-0.0043849,-8.3463e-05
0.065912,0.026204,0.23283,-0.0010626,-0.0048594,0.00042477
0.064758,0.046829,0.14968,0.00094583,-0.0041952,0.0001117
0.063186,0.053105,0.11988,0.0014382,-0.0034071,0.00038404
0.073794,0.092488,0.06806,0.0016817,-0.0033972,0.00086488
0.075712,0.024963,0.064529,0.0017481,-0.0031699,0.00067527
0.070043,0.043268,0.071272,0.0026771,-0.0031531,0.00049998
0.064209,0.052429,0.045134,0.0031874,-0.0031229,0.0005192
0.059477,0.11251,0.10194,0.0013564,-0.0036123,0.00030124
0.055642,0.085923,0.11761,0.0006459,-0.0034559,0.0006006
0.061123,0.035263,0.12466,0.0018065,-0.0030091,0.00068634
0.07023,0.11295,0.058709,0.0016762,-0.0034032,0.0008179
0.06633,0.0068899,0.040505,0.0022911,-0.0032995,0.00051046
0.055758,-0.011714,0.064284,0.003051,-0.0030408,0.00027352
0.059692,0.028574,0.041647,0.0036065,-0.0029598,0.00048957
0.055734,0.068329,0.019492,0.0029702,-0.0030216,0.00059964
0.0604,0.0085778,0.066501,0.002215,-0.0034662,0.00079316
0.05359,0.051293,0.075419,0.0027763,-0.003534,0.00058164
0.061453,0.08538,0.068313,0.0027657,-0.0033392,0.00064
0.06609,0.05454,0.029522,0.0031371,-0.0033532,0.00082514
0.073261,0.032872,0.045295,0.0041062,-0.003511,0.00082846
0.074746,0.10549,0.027084,0.0030506,-0.0037298,0.00073024
0.073275,0.014991,0.021909,0.0033948,-0.0035942,0.00050396
0.06182,0.031814,0.051523,0.0038151,-0.0033919,0.00037417
0.069602,0.078289,0.032518,0.0038783,-0.003689,0.0005764
0.081404,0.05234,0.015663,0.0036663,-0.0039344,0.00074813
0.069478,0.038682,0.071101,0.0036964,-0.0035927,0.00050339
0.082761,0.10076,0.045089,0.003349,-0.0039067,0.00073234
0.091345,0.024113,0.022511,0.0038799,-0.0038026,0.00090326
0.095988,0.045807,0.033336,0.0040189,-0.0037948,0.0010435
0.11157,0.13012,0.036292,0.0026441,-0.0041175,0.0014705
0.1004,0.044568,0.021791,0.0028284,-0.0040059,0.00099805
0.079863,0.030156,0.09248,0.0029883,-0.0037819,0.00065466
0.07657,0.11567,0.10308,0.00179,-0.0040428,0.0005103
0.083915,0.025309,0.083964,0.0020777,-0.0042163,0.00029446
0.072339,0.024542,0.11126,0.0030377,-0.0039878,0.0002463
0.078367,0.075128,0.068659,0.0032237,-0.0039276,0.0005334
0.098836,0.072507,0.0013602,0.0024879,-0.0040567,0.0008581
0.08639,0.019853,0.060898,0.0034363,-0.0038839,0.00050516
0.089879,0.089969,0.042081,0.0033703,-0.0041156,0.00048641
0.098966,0.046319,0.01278,0.0038604,-0.0040504,0.00053724
0.1105,0.044433,0.016606,0.0050044,-0.0045364,0.00078715
0.10644,0.097973,0.028966,0.0036868,-0.0045798,0.00062332
0.099046,0.027233,0.045723,0.0042605,-0.0042958,0.00038472
0.089994,0.037162,0.052065,0.0048639,-0.0042767,0.00031686
0.090385,0.087878,0.03767,0.0035633,-0.0045136,0.00047027
0.090641,0.027933,0.031124,0.0042776,-0.0045147,0.00045838
0.090417,0.05408,0.043236,0.0039566,-0.0046148,0.00033813
0.10066,0.07177,-0.0037504,0.0036199,-0.0046013,0.00037284
0.10733,0.024573,0.022258,0.0039076,-0.0044704,0.00042535
0.10817,0.055678,0.0031341,0.0041779,-0.0044369,0.00036894
0.121,0.079969,-0.0037673,0.0033075,-0.0047444,0.00056025
0.11349,0.0077147,0.0066675,0.0038865,-0.0048042,0.00033416
0.10981,0.028759,0.012249,0.0046044,-0.0048544,0.00033811
0.11049,0.083002,-0.0088236,0.0035429,-0.0048801,0.00052962
0.1108,0.003258,-0.050559,0.0040691,-0.0047912,0.00054234
0.097901,0.018147,-0.024975,0.0039914,-0.0049966,0.0003641
0.10821,0.074009,-0.019642,0.0031288,-0.0051165,0.0005278
0.11024,-0.013504,-0.058003,0.0042283,-0.0047474,0.00038259
0.10405,0.033804,-0.020065,0.0040862,-0.0046152,0.00032502
0.10733,0.073506,-0.035663,0.0036438,-0.0048582,0.00043785
0.10491,0.020146,-0.0083985,0.0039224,-0.0047139,0.00031221
0.092634,0.05345,0.0044986,0.0041637,-0.0046966,0.00028748
0.11094,0.089367,-0.031938,0.0029807,-0.005265,0.00056706
0.12623,0.033146,-0.031308,0.0028861,-0.0052312,0.00092757
0.12515,0.097821,0.044359,0.0029576,-0.0051299,0.0011699
0.1531,0.12162,-0.041776,0.0032113,-0.0053969,0.0017548
0.14608,0.011903,-0.029595,0.0038964,-0.0052844,0.0013296
0.13346,0.056205,-0.020679,0.0041955,-0.0052693,0.0011445
0.12892,0.099261,-0.035136,0.0040012,-0.0054161,0.0011334
0.12833,0.068112,-0.061191,0.003573,-0.0050692,0.00085051
0.12944,0.022211,-0.02329,0.004109,-0.0051226,0.00070258
0.13711,0.055927,-0.047304,0.004891,-0.0055739,0.00047371
0.14218,0.083293,-0.060399,0.0042999,-0.0058041,0.0005892
0.13141,0.022955,-0.039023,0.0046766,-0.0058093,0.00035273
0.1072,0.054323,0.079057,0.003211,-0.0061067,0.00012938
0.088007,0.11425,0.059271,0.0023585,-0.0065238,-0.00027548
0.11812,7.9587e-05,-0.1262,0.0043615,-0.0062607,0.00025806
0.1332,0.033737,-0.094229,0.0034599,-0.0059563,0.00043243
0.25028,-0.31462,-0.67729,0.001935,-0.0066696,-0.00015296
0.22346,-0.014159,-0.093077,-0.0048647,-0.0057565,0.0022857
0.18204,0.035011,-0.052192,-0.0020513,-0.0051341,0.0022452
0.166,0.077879,-0.016858,0.00082699,-0.0043031,0.0020299
0.17091,0.029983,-0.016261,0.0010118,-0.0051587,0.0019529
0.14418,0.10693,0.0010485,0.00045552,-0.004955,0.0015096
0.14738,0.041728,-0.079673,0.00032401,-0.0052416,0.0011916
0.15099,-0.023143,-0.025308,0.0019235,-0.0055362,0.0011393
0.15256,0.025018,-0.04897,0.0031244,-0.0058399,0.0010453
0.15177,0.035983,-0.032707,0.0026972,-0.0059034,0.00086992
0.15268,0.049061,-0.050953,0.002619,-0.0059889,0.00081659
0.14694,0.039416,-0.044152,0.0032698,-0.0060658,0.00074194
0.14099,0.058572,-0.018457,0.0032991,-0.005906,0.00093387
0.13845,0.068289,-0.055234,0.0033066,-0.0060501,0.00099636
0.1315,0.006558,-0.024544,0.0034451,-0.0061986,0.00042188
0.1347,0.024966,-0.025286,0.0039077,-0.0062985,0.00033016
0.13282,0.08274,-0.034736,0.0038832,-0.0062296,0.00036911
0.15147,0.019771,-0.012983,0.0033343,-0.0061852,0.0007489
0.13562,0.012695,-0.016526,0.0038184,-0.0059258,0.00045708
0.13356,0.066731,-0.056017,0.0038859,-0.0059691,0.00047266
0.14438,0.063694,-0.081258,0.0038476,-0.0060048,0.00069716
0.14296,0.038316,-0.068704,0.0046205,-0.0060817,0.00069073
0.16075,0.11258,-0.093238,0.00327,-0.0066789,0.0010409
0.15114,0.031304,-0.12535,0.0038039,-0.0064682,0.00079348
0.14649,0.0063923,-0.078052,0.0036432,-0.0063512,0.00073345
0.15312,0.085861,-0.083383,0.0021777,-0.0066298,0.00079484
0.13616,0.048734,-0.13665,0.0030631,-0.006095,0.00090215
0.1384,-0.0069707,-0.061102,0.0037062,-0.0059378,0.00070742
0.14979,0.079082,-0.065593,0.0027748,-0.0059196,0.00094596
0.16005,0.018876,-0.089475,0.0030297,-0.006187,0.00092196
0.15268,-0.0070454,-0.050609,0.004101,-0.0063766,0.0008002
0.1414,0.07211,-0.047493,0.0047836,-0.0070408,0.00066706
0.14705,0.020605,-0.051649,0.004185,-0.0072984,0.0006731
0.13849,0.0012354,-0.035024,0.0050952,-0.007349,0.00054022
0.13182,0.073695,0.012857,0.0040865,-0.007252,0.00044764
0.14516,0.052916,-0.043971,0.0043367,-0.0070492,0.0005347
0.14316,0.023877,0.0083307,0.0042442,-0.0067803,0.00045546
0.13846,0.056289,-0.0022352,0.0047849,-0.006467,0.00057614
0.15325,0.085984,-0.041114,0.004607,-0.0071707,0.00094469
0.15922,0.018222,-0.029586,0.0053585,-0.0073972,0.00064504
0.15663,0.030088,-0.024021,0.0055425,-0.0072959,0.0006886
0.14891,0.067851,-0.045114,0.0047167,-0.0074849,0.00054781
0.15461,0.0041321,-0.066686,0.0056577,-0.0074583,0.00062513
0.1582,0.031869,-0.05167,0.005292,-0.0079698,0.00065375
0.16592,0.1125,-0.02036,0.004447,-0.0080241,0.00096497
0.16158,0.13949,-0.010774,0.0030823,-0.0077473,0.0010204
0.17561,0.046882,-0.018958,0.0017382,-0.0079447,0.00067633
0.15908,0.026583,0.043744,0.003132,-0.0077338,0.00069077
0.15913,0.122,0.018489,0.0030885,-0.00764,0.00085212
0.16014,0.13064,-0.018967,0.0028631,-0.0074144,0.00083582
0.1727,0.0088591,-0.061742,0.0035838,-0.0074067,0.00076733
0,0,0,-1.3878e-17,8.6736e-19,1.2037e-35
0.018235,0.035443,-0.016733,-2.7283e-05,-0.00016773,0.00052529
0.02084,0.0040832,0.08318,-0.00072036,0.00027805,0.00067538
0.022803,0.05388,0.080185,-0.00071836,5.1395e-05,0.00078889
0.072486,0.014499,-0.065839,-0.001109,-0.00017279,0.0019739
0.084285,-0.012614,-0.10306,-0.00057712,-0.00022939,0.0024193
0.058194,0.060396,-0.044246,-0.00097793,-0.0002505,0.0019572
0.067246,0.037165,-0.010424,-0.00073374,-6.5234e-06,0.0023702
0.05332,0.059025,0.095931,-0.0019714,-0.0002422,0.0024556
0.06407,0.074663,0.060164,-0.0023675,0.0001147,0.002791
0.062015,0.032223,0.089498,-0.0021726,0.00050938,0.0028895
0.040356,0.090707,0.096454,-0.0019075,0.00030265,0.0025265
0.047141,0.06462,0.050995,-0.0017033,0.00021845,0.0027485
0.05241,0.050525,0.13358,-0.0019231,0.000556,0.0031686
0.063661,0.11652,0.081878,-0.002544,0.00032048,0.0031687
0.052776,0.098602,0.11158,-0.0021009,0.00058215,0.0027777
0.033267,0.10227,0.20326,-0.0015324,0.0016362,0.0023127
0.033046,0.14803,0.1793,-0.0028482,0.0013795,0.0023072
0.04092,0.077792,0.16361,-0.0028491,0.0014878,0.0025664
0.027254,0.093061,0.23203,-0.0030251,0.0018561,0.0023553
0.031872,0.13466,0.16526,-0.0027868,0.0014062,0.0022978
0.025397,0.063401,0.17336,-0.002134,0.0016107,0.0021685
0.018031,0.099592,0.22991,-0.0026791,0.0015279,0.0021097
0.010459,0.13002,0.18459,-0.0029588,0.0009555,0.0017637
0.013109,0.083336,0.24524,-0.0025063,0.0011204,0.0019001
0.01648,0.12654,0.29589,-0.0029384,0.0014983,0.0022493
0.043779,0.13838,0.24728,-0.0033881,0.0010005,0.0026928
0.02109,0.092703,0.327,-0.0038135,0.0017821,0.0022865
0.016989,0.12912,0.33389,-0.0036446,0.0020615,0.0021102
0.026799,0.15293,0.25515,-0.003737,0.0017667,0.0023838
0.041316,0.11477,0.28357,-0.0034838,0.002045,0.0029276
0.047106,0.18646,0.34215,-0.0041057,0.0018786,0.0032415
0.068302,0.18506,0.2835,-0.0048354,0.0020403,0.0040194
0.052581,0.15698,0.41815,-0.0048651,0.0030632,0.0041929
0.049081,0.20115,0.39679,-0.0047527,0.0027725,0.0040385
0.064636,0.13623,0.26315,-0.0048394,0.0021775,0.0040375
0.025644,0.12257,0.34561,-0.0048529,0.0030944,0.0038391
0.0063925,0.2014,0.34893,-0.0044518,0.0027887,0.0036852
0.027776,0.14762,0.32272,-0.0044402,0.0033134,0.0046327
0.026005,0.14271,0.46443,-0.0046109,0.0042925,0.0048132
0.0086938,0.1979,0.45677,-0.0044727,0.004083,0.0043706
0.0078726,0.17815,0.40176,-0.0045153,0.0038573,0.0043487
0.018655,0.14782,0.46151,-0.004474,0.0040783,0.0047144
0.029839,0.20721,0.45537,-0.0046549,0.0037624,0.0049602
0.025305,0.17295,0.39845,-0.0043785,0.0040201,0.0049667
0.027332,0.175,0.4359,-0.0036262,0.0037554,0.0051321
0.021951,0.23114,0.41407,-0.0044569,0.0029191,0.0047335
0.031434,0.1431,0.41052,-0.0043526,0.0035169,0.0049133
0.029404,0.16755,0.52532,-0.0039337,0.0041079,0.0049667
0.025122,0.20278,0.49486,-0.0041492,0.0035012,0.004573
0.015101,0.16808,0.49384,-0.0040041,0.003658,0.0044083
-0.010113,0.19546,0.54944,-0.00385,0.0038161,0.0040763
-0.0049905,0.23928,0.49514,-0.0044739,0.0034994,0.0041706
0.0041321,0.1904,0.45612,-0.003556,0.0035782,0.0044662
-0.0065843,0.21142,0.48354,-0.0023626,0.003263,0.004393
0.031986,0.25625,0.47777,-0.0040006,0.0033762,0.0052563
0.1253,0.15618,0.44985,-0.0043835,0.0036146,0.0067622
0.1169,0.18505,0.59555,-0.0044738,0.0044589,0.0068282
0.11182,0.25243,0.60828,-0.0048315,0.0044788,0.0064491
0.13914,0.26194,0.59218,-0.0052373,0.0041488,0.00718
0.1009,0.22711,0.68194,-0.0053872,0.0045087,0.0066248
0.08936,0.22039,0.67798,-0.005299,0.0041879,0.0067085
0.08952,0.26112,0.58464,-0.004834,0.0040181,0.0069205
0.095737,0.17912,0.51063,-0.0034256,0.0045101,0.0070977
0.07985,0.21897,0.64207,-0.0041797,0.0045974,0.0069532
0.077557,0.25661,0.62276,-0.0039453,0.0044825,0.0068276
0.11098,0.26667,0.53589,-0.0047414,0.0043103,0.0072281
0.10611,0.19623,0.63948,-0.0045513,0.004805,0.0072495
0.092059,0.24352,0.69696,-0.0049747,0.004858,0.0069373
0.1069,0.27458,0.6342,-0.0054906,0.0049367,0.007767
0.12043,0.22924,0.66203,-0.0045442,0.0050602,0.0080904
0.077686,0.27632,0.71416,-0.0048745,0.0050367,0.0072765
0.086543,0.30082,0.65703,-0.0054272,0.0049397,0.007507
0.10532,0.232,0.69331,-0.0047787,0.005375,0.0078669
0.094285,0.26605,0.69824,-0.0049796,0.0052418,0.0076413
0.12778,0.28791,0.6265,-0.005581,0.0052019,0.0086475
0.11573,0.23558,0.68491,-0.0053825,0.005405,0.0083924
0.095759,0.28794,0.69062,-0.0051995,0.0049161,0.0079128
0.09969,0.31015,0.63841,-0.0055025,0.0047895,0.0078437
0.075601,0.2447,0.66995,-0.0051802,0.0049902,0.0079664
0.063328,0.29703,0.70247,-0.0055764,0.0049152,0.0074719
0.085446,0.31016,0.64763,-0.0058211,0.0046412,0.0077559
0.094816,0.27302,0.72744,-0.005657,0.0051643,0.0079725
0.099575,0.30274,0.74932,-0.0054694,0.0047636,0.0078981
0.1136,0.30781,0.67203,-0.0054844,0.0046164,0.0079036
0.094704,0.26572,0.71991,-0.0052656,0.0048659,0.0074336
0.094831,0.28286,0.71608,-0.0055585,0.004972,0.0075944
0.10827,0.29947,0.6268,-0.0061491,0.0045992,0.0077772
0.091534,0.23621,0.67922,-0.0056859,0.0049971,0.0075175
0.09901,0.26773,0.74419,-0.0054517,0.0051179,0.0076661
0.11825,0.30146,0.72155,-0.0054751,0.0048997,0.0078234
0.1092,0.26604,0.6938,-0.0046512,0.0051605,0.0079089
0.10869,0.29932,0.74435,-0.0041853,0.0054259,0.0081186
0.12037,0.34869,0.69436,-0.0051936,0.0052145,0.0083082
0.13121,0.27702,0.64507,-0.0044494,0.0054921,0.0083748
0.11371,0.30255,0.7438,-0.0042477,0.0055633,0.0081139
0.11655,0.34888,0.73253,-0.0046874,0.0051491,0.0082743
0.11344,0.2997,0.69664,-0.0044085,0.0051729,0.008204
0.099,0.32276,0.76609,-0.0038099,0.0054647,0.0082296
0.12115,0.35024,0.75076,-0.0042294,0.0046608,0.0090646
0.12493,0.33391,0.68517,-0.0050343,0.0048824,0.0093079
0.11136,0.31113,0.7986,-0.0044352,0.0057516,0.0085183
0.12712,0.35219,0.77675,-0.0048808,0.0054155,0.0088676
0.14876,0.30875,0.77352,-0.0050812,0.0057019,0.0093355
0.16011,0.29651,0.83117,-0.0052424,0.0058948,0.0098712
0.12482,0.37206,0.85633,-0.0061039,0.0055247,0.00932
0.12227,0.31827,0.88366,-0.0048634,0.0055838,0.0091933
0.1276,0.36853,0.92282,-0.0047525,0.0057266,0.0094176
0.14154,0.36504,0.85694,-0.0047601,0.0055445,0.0094069
0.13693,0.33523,0.92204,-0.0044905,0.0057684,0.0093343
0.15817,0.37804,0.95798,-0.004207,0.0054023,0.0097728
0.13994,0.38236,0.88232,-0.0040299,0.0048274,0.0087415
0.12515,0.33539,0.96987,-0.0041172,0.0053556,0.0085727
0.1161,0.38916,0.97609,-0.0041028,0.005481,0.0086216
0.11996,0.40628,0.89079,-0.0039891,0.0050905,0.008716
0.1138,0.35525,0.95179,-0.0034329,0.005485,0.0087463
0.090039,0.41479,0.94888,-0.0033025,0.0051257,0.0081752
0.10094,0.40589,0.8847,-0.0035212,0.0052295,0.0084458
0.10841,0.3635,0.97293,-0.0031112,0.0053298,0.0087378
0.10561,0.42058,0.96417,-0.0033814,0.0053373,0.0087093
0.11976,0.37497,0.93108,-0.0031555,0.0054948,0.0089377
0.10332,0.36571,0.97957,-0.0034075,0.0056714,0.008611
0.12023,0.39673,0.87294,-0.0029894,0.0054412,0.0090508
0.14383,0.35952,0.8554,-0.0024154,0.005611,0.0094428
0.1406,0.37729,0.88493,-0.0015092,0.0057113,0.0094542
0.15426,0.38245,0.78683,-0.00076167,0.0054851,0.010138
0.15295,0.3488,0.89587,-0.0014899,0.0059349,0.010054
0.13387,0.43534,1.0388,-0.0022078,0.0059447,0.0094863
0.11685,0.45821,1.173,-0.0030838,0.005342,0.0094748
0.11108,0.43671,1.1757,-0.0023314,0.0057661,0.0092435
0.11304,0.51558,1.1424,-0.0024007,0.0055651,0.0094234
0.12168,0.4503,1.0865,-0.0018702,0.0056509,0.0094099
0.11749,0.44783,1.1822,-0.0015492,0.0057102,0.0093987
0.13789,0.4931,1.1117,-0.0019044,0.0055891,0.0096095
0.16197,0.44513,0.98361,-0.0021678,0.005488,0.0099908
0.14521,0.3848,1.0662,-0.0017588,0.0060254,0.0098302
0.14264,0.44027,1.1073,-0.0014705,0.0061066,0.009929
0.15603,0.46704,0.997,-0.0014203,0.0056811,0.010394
0.1705,0.40927,0.99604,-0.0007348,0.0060552,0.010886
0.16988,0.44216,1.0895,-0.0010494,0.0061959,0.010975
0.18236,0.47931,1.0472,-0.0014044,0.0059814,0.011066
0.18657,0.41278,1.0702,-0.0011669,0.0064413,0.011232
0.17833,0.42796,1.1086,-0.0010374,0.0064305,0.011115
0.19121,0.46145,1.001,-0.0011305,0.0062848,0.01166
0.17336,0.42178,1.1015,-0.001132,0.006608,0.011157
0.16994,0.44001,1.145,-0.0011687,0.0066104,0.011245
0.17891,0.47507,1.0953,-0.0020898,0.0062162,0.011483
0.17711,0.41142,1.0834,-0.00018703,0.0062827,0.011356
0.19346,0.37884,1.0755,-0.0011208,0.0061977,0.011279
0.14296,0.21943,0.75555,-0.0004612,0.0042599,0.0081883
0.15432,0.37823,1.0032,-0.00050768,0.0047739,0.0095522
0.16973,0.46199,1.0164,-0.000585,0.0051607,0.010517
0.1975,0.44484,0.98525,0.00077159,0.0054686,0.011269
0.19739,0.46251,1.0989,0.00016632,0.0056512,0.011441
0.1945,0.50386,1.0692,-0.00065548,0.0053225,0.011531
0.206,0.43497,0.96937,0.00069322,0.0049371,0.011289
0.21894,0.40382,1.0827,-0.00030194,0.0045348,0.011016
0.22861,0.51958,1.1264,-0.0025776,0.0044539,0.011448
0.23792,0.45913,1.1108,-0.0018347,0.0052058,0.011401
0.22109,0.49649,1.1541,-0.0020585,0.0048738,0.01118
0.22847,0.53641,1.0933,-0.0019907,0.0046093,0.011609
0.23366,0.45365,1.1342,-0.0011283,0.0046146,0.011616
0.23442,0.50468,1.1481,-0.0017946,0.0045531,0.011823
0.24325,0.50988,1.1021,-0.0024069,0.0042352,0.012054
0.26299,0.47831,1.1635,-0.0022048,0.003812,0.012908
0.23834,0.54227,1.1752,-0.0023959,0.0039222,0.012692
0.23821,0.50117,1.1847,-0.0014287,0.0043252,0.012567
0.22329,0.51239,1.2506,-0.0012731,0.0040795,0.012192
0.22636,0.53557,1.1366,-0.0024589,0.0036357,0.012235
0.22207,0.44263,1.1658,-0.0016358,0.0041096,0.012136
0.22703,0.51162,1.2155,-0.001484,0.0045028,0.012325
0.23946,0.56037,1.1651,-0.0019171,0.0044238,0.012838
0.24235,0.45038,1.169,-0.0013806,0.005019,0.012894
0.23962,0.52968,1.2493,-0.00090392,0.0051437,0.012893
0.22653,0.58018,1.2239,-0.0021553,0.0045378,0.012737
0.23942,0.47004,1.2124,-0.0013411,0.0047375,0.013072
0.23645,0.54109,1.289,-0.0010782,0.0053169,0.0131
0.25629,0.58889,1.1942,-0.001597,0.0049713,0.013457
0.24678,0.48349,1.1906,-0.00060351,0.005225,0.013144
0.2451,0.53686,1.2773,-0.00097741,0.0053233,0.013148
0.25533,0.56417,1.1883,-0.00069453,0.0050191,0.013383
0.24141,0.48423,1.2253,-0.0003533,0.0054533,0.013369
0.23267,0.51737,1.308,-0.00068638,0.0056086,0.013179
0.22956,0.5623,1.3081,-0.00098495,0.0055686,0.013108
0,0,-1.4211e-14,1.3878e-17,0,0
-0.0079871,0.021002,0.05283,0.00029203,-0.0002013,-0.00017531
0.0019895,0.034426,0.050307,0.00052399,-0.00017284,-1.9857e-05
0.036959,0.054507,-0.044127,0.00089189,-0.00047896,0.00079376
0.062999,0.018268,0.0083022,0.0013913,-0.00047761,0.0011982
0.074651,0.03691,0.029017,0.0013166,0.00033609,0.0016774
0.085164,0.052325,0.0037961,0.0011097,-0.000135,0.0018648
0.10086,0.023616,-0.0081876,0.0011508,0.00014263,0.0021541
0.10866,0.034851,-0.00084537,0.0012679,2.1775e-05,0.0023199
0.10876,0.052553,-0.088237,0.00089025,-0.00048061,0.0021691
0.11194,-0.0044464,-0.13063,0.0021815,-0.00031457,0.0021712
0.10885,0.027582,-0.12291,0.0026721,-0.00046717,0.0023204
0.14665,0.072467,-0.10826,0.0018008,-0.00074785,0.0033772
0.15644,-0.0093537,-0.077172,0.0016352,-0.00047437,0.0037789
0.15627,0.038943,-0.10828,0.0020731,0.00021151,0.0039227
0.18486,0.058736,-0.15313,0.0012579,-0.00011303,0.0045866
0.2056,-0.019103,-0.14883,0.0015387,-7.9158e-06,0.0042629
0.18809,0.021678,-0.18018,0.002061,0.00023665,0.0040089
0.20114,0.01934,-0.23089,0.0022524,-0.00036335,0.0040819
0.19786,-0.025173,-0.18713,0.0022365,0.0010133,0.004224
0.19935,0.06035,-0.16577,0.0022277,0.00084932,0.0044249
0.20529,0.033995,-0.24655,0.0026355,0.00086981,0.0044529
0.18204,0.0037395,-0.12687,0.0023658,0.0010978,0.0041105
0.19519,0.078767,-0.10174,0.0022686,0.0010488,0.0044138
0.1995,0.002192,-0.11294,0.0027669,0.001559,0.004546
0.18787,-0.0029206,-0.098861,0.0027782,0.0015907,0.0044242
0.21075,0.047648,-0.14169,0.0025026,0.0012704,0.0049795
0.16734,0.011483,-0.06799,0.0030963,0.0016307,0.0043451
0.141,0.064251,-0.031346,0.0032276,0.0020394,0.0043345
0.15004,0.077835,-0.14398,0.0032396,0.0020441,0.0046279
0.13708,0.018039,-0.085616,0.0036262,0.0021604,0.004166
0.14411,0.072625,-0.068544,0.0035801,0.0022056,0.0044866
0.1634,0.049244,-0.15142,0.0030815,0.001857,0.0047127
0.14394,0.01944,-0.079818,0.0035664,0.0015818,0.0041049
0.14773,0.10155,-0.0891,0.0036768,0.0016746,0.0047236
0.15046,0.032243,-0.11473,0.0039606,0.0022865,0.0046346
0.13256,0.053064,-0.052858,0.0037903,0.0028719,0.0040157
0.15485,0.11939,-0.11689,0.0031141,0.0020821,0.0041109
0.15091,0.052996,-0.1474,0.003177,0.0023543,0.0041112
0.13991,0.069359,-0.039508,0.0039721,0.0024281,0.004049
0.15338,0.062594,-0.13806,0.0031946,0.0021043,0.0045673
0.099739,-0.15728,-0.29631,0.00092029,0.0025291,0.0027852
0.13526,0.027365,-0.024841,0.0015354,0.0040315,0.0033934
0.12728,0.073761,-0.04316,0.0013396,0.0042846,0.0038213
0.13288,0.059447,-0.00973,0.0018981,0.0032094,0.0047555
0.12162,0.10243,0.091376,0.0017292,0.0038729,0.0046968
0.1184,0.11189,0.078573,0.0015377,0.0038183,0.0048081
0.15117,0.098892,0.077742,0.0017318,0.0035147,0.0052475
0.13998,0.098449,0.15157,0.0011083,0.0041612,0.0051959
0.16376,0.11816,0.12226,0.0006866,0.0041322,0.005697
0.16159,0.10374,0.054822,0.00089594,0.0039587,0.0056104
0.096942,0.074315,0.044664,0.0016957,0.0043793,0.0044784
0.13598,0.13327,0.074599,0.0010703,0.004405,0.0056092
0.15426,0.096192,0.068954,0.0014313,0.0045561,0.0058659
0.14878,0.10098,0.13043,0.0013242,0.004718,0.0061131
0.15884,0.1277,0.073921,0.0015576,0.0039193,0.0063497
0.17832,0.10263,0.012731,0.0015179,0.0035713,0.0067533
0.14962,0.082331,0.10366,0.0015879,0.0043369,0.0061562
0.17783,0.1147,0.085588,0.0012379,0.0039758,0.0066165
0.22699,0.12672,0.031293,0.0016704,0.0034711,0.007216
0.19286,0.087004,0.083828,0.0019673,0.0040311,0.0064684
0.18363,0.12055,0.10103,0.0017653,0.0041331,0.0062668
0.19668,0.12755,0.029429,0.0014279,0.00405,0.0064318
0.17997,0.074973,0.087342,0.0018696,0.0043169,0.0060676
0.17335,0.1264,0.11521,0.0013684,0.0039973,0.005907
0.18879,0.12944,0.07009,0.00079929,0.0036514,0.0061416
0.17765,0.096672,0.14185,0.0017572,0.0039033,0.006007
0.17437,0.13959,0.14183,0.0022779,0.0037291,0.0061058
0.19264,0.1307,0.10548,0.0015653,0.003452,0.0063285
0.16136,0.12258,0.17534,0.0018916,0.0033363,0.0056779
0.1574,0.15361,0.17058,0.0020142,0.0036104,0.0057885
0.17317,0.1622,0.16975,0.0023626,0.0035931,0.0060924
0.17403,0.18593,0.096253,0.0021963,0.0037215,0.006052
0.17223,0.11109,0.15276,0.0022605,0.0040891,0.0059541
0.20179,0.1503,0.18106,0.0026757,0.0038414,0.0064063
0.20573,0.19151,0.086115,0.0019905,0.0028733,0.0060965
0.20947,0.067089,-0.011473,0.0013902,0.0032212,0.0062317
0.19451,0.069562,0.07644,0.0017971,0.0038397,0.0057744
0.19642,0.15575,0.046731,0.0015306,0.0036747,0.0060652
0.2049,0.079113,0.044153,0.0020532,0.0038286,0.0062684
0.18891,0.1363,0.10267,0.0023732,0.0043015,0.0060345
0.20954,0.20104,0.029969,0.0020412,0.003987,0.0066534
0.20929,0.051588,0.017361,0.0033079,0.0043789,0.0065385
0.19685,0.14406,0.15888,0.0032043,0.0047408,0.006399
0.1906,0.17854,0.20326,0.0028971,0.0045656,0.006375
0.2054,0.17194,0.18486,0.0033897,0.0044784,0.0067685
0.22632,0.13643,0.19554,0.0040069,0.0043566,0.0069596
0.23606,0.20575,0.22354,0.0022366,0.004487,0.0073817
0.2621,0.12681,0.21073,0.0021513,0.0045704,0.007918
0.25243,0.13337,0.25344,0.0022222,0.0043912,0.0073094
0.25341,0.20888,0.18143,0.0029325,0.0037812,0.0077232
0.24766,0.15057,0.039268,0.0019733,0.0038889,0.0074269
0.19676,0.089564,0.11204,0.0032089,0.00389,0.006594
0.19324,0.15115,0.19203,0.0030242,0.004137,0.0065371
0.20602,0.19434,0.20553,0.0026797,0.0042756,0.0068886
0.21809,0.17988,0.11421,0.0036253,0.0043136,0.0072428
0.2746,0.12207,-0.0082016,0.0020986,0.0031897,0.0075607
0.27552,0.035629,-0.035094,0.0042838,0.0021702,0.0062254
0.21118,0.12464,0.17719,0.0014077,0.004732,0.0070359
0.18396,0.18759,0.1782,0.0029827,0.0055974,0.0067266
0.16792,0.2224,0.22418,0.003515,0.0056364,0.0067359
0.16555,0.19481,0.21775,0.0038642,0.0056021,0.0065244
0.18257,0.18171,0.22908,0.0030278,0.005898,0.0064716
0.1953,0.24005,0.18118,0.0023954,0.0062569,0.0069224
0.19049,0.13678,0.13015,0.0038491,0.0064807,0.0067206
0.17527,0.17449,0.22055,0.0044096,0.006441,0.0061891
0.1743,0.2386,0.20014,0.004641,0.0065408,0.0062828
0.22414,0.19994,0.027678,0.004884,0.0064349,0.0072281
0.19949,0.12269,0.067295,0.0044723,0.0066416,0.0068486
0.18955,0.18241,0.095654,0.0051152,0.0065933,0.0066365
0.20871,0.19896,0.01422,0.0049469,0.0063087,0.0068633
0.21337,0.15884,-0.0065591,0.0054526,0.0062573,0.0069104
0.20646,0.17138,0.08322,0.0048796,0.0063444,0.0068859
0.20029,0.22253,0.072057,0.0043062,0.0065094,0.0069429
0.20356,0.16482,0.088618,0.0048644,0.0069035,0.0070696
0.19978,0.17464,0.12788,0.0051118,0.0068628,0.0070676
0.2013,0.22494,0.089377,0.0053462,0.0071818,0.0074768
0.21634,0.1864,0.056481,0.0054466,0.0073484,0.0077397
0.21591,0.17454,0.16198,0.0050056,0.0070842,0.0074159
0.23061,0.21704,0.082312,0.0050619,0.0071952,0.0078551
0.24573,0.18672,0.0096615,0.0055513,0.0071588,0.0079708
0.24053,0.14959,0.07893,0.0062727,0.0075324,0.0079354
0.24591,0.21537,0.046063,0.0058554,0.0076958,0.0082601
0.2764,0.17374,-0.054908,0.0058544,0.0074631,0.0085167
0.25511,0.11785,0.036845,0.0059733,0.0076021,0.0081863
0.25276,0.16821,-0.039953,0.0056088,0.0066102,0.0082847
0.19682,0.22357,0.056884,0.004734,0.0071772,0.0075517
0.19217,0.13881,0.10928,0.0055225,0.0077396,0.0072483
0.21499,0.18527,0.1168,0.0058048,0.0078795,0.0077946
0.22949,0.21411,0.080362,0.0056861,0.0079741,0.0081646
0.23776,0.15145,0.037298,0.0071436,0.0081191,0.0080474
0.23052,0.16783,0.133,0.0068931,0.008095,0.0080787
0.23418,0.23357,0.089109,0.0060008,0.0080584,0.0085353
0.2417,0.17616,0.090115,0.0068116,0.0084132,0.0087431
0.23838,0.19119,0.18615,0.0074945,0.0084512,0.0087284
0.24974,0.25048,0.18189,0.0069846,0.0086367,0.0092225
0.24611,0.22888,0.12911,0.0067922,0.008931,0.0091157
0.23048,0.19429,0.23205,0.0067622,0.0088127,0.0084034
0.22952,0.23279,0.2413,0.0067468,0.0090077,0.0084005
0.24231,0.2655,0.1466,0.0063249,0.0090396,0.0089322
0.2267,0.17281,0.16924,0.0070101,0.0088232,0.0087268
0.22102,0.21365,0.19973,0.0078172,0.0086313,0.0087935
0.22432,0.28964,0.16904,0.0071953,0.0091654,0.009076
0.2469,0.22591,0.15831,0.007022,0.0090443,0.0092979
0.23501,0.23718,0.30426,0.0070356,0.0093831,0.0090824
0.2532,0.27456,0.2559,0.0073479,0.0093719,0.0094337
0.26689,0.29661,0.19743,0.0070876,0.0092271,0.0098296
0.2585,0.21963,0.18768,0.0075814,0.0092586,0.0094558
0.26092,0.25312,0.30162,0.0078011,0.009665,0.0095739
0.2703,0.28921,0.27317,0.0074466,0.0092514,0.0098076
0.26248,0.24582,0.29097,0.0075821,0.0093402,0.0095738
0.254,0.25546,0.32975,0.0080231,0.0093409,0.0095661
0.26971,0.30748,0.26903,0.0066673,0.0090033,0.0098982
0.27388,0.23232,0.24618,0.0074154,0.0092102,0.009943
0.27853,0.24123,0.31854,0.0078191,0.0091563,0.0099271
0.28541,0.28977,0.25627,0.0077996,0.0092995,0.0102
0.35022,0.1991,0.094675,0.0083302,0.0087964,0.010911
0.32502,-0.025742,0.020936,0.0097727,0.0094808,0.009078
0.23913,0.17975,0.29026,0.0094938,0.010025,0.0085878
0.21917,0.24549,0.37139,0.0086928,0.010912,0.008098
0.23192,0.23747,0.41722,0.0095051,0.010998,0.0082216
0.2366,0.26301,0.44696,0.008848,0.010835,0.0082415
0.24233,0.25728,0.45647,0.0084622,0.010918,0.0083515
0.25331,0.24388,0.45268,0.0082131,0.010548,0.0085247
0.25717,0.28777,0.41606,0.0083783,0.010245,0.0086133
0.28021,0.30744,0.34338,0.0080796,0.0099947,0.0090899
0.244,0.23387,0.42343,0.0085393,0.010282,0.0082432
0.24015,0.25875,0.42229,0.0083092,0.01025,0.0080917
0.23104,0.2776,0.39323,0.0080451,0.0099385,0.0078672
0.21591,0.25791,0.42973,0.0086027,0.010013,0.0076743
0.20168,0.25491,0.41816,0.0087572,0.009817,0.0073916
0.21677,0.28241,0.36409,0.0083238,0.0092464,0.0079888
0.2097,0.24118,0.41815,0.0080957,0.0098665,0.0078776
0.22728,0.27127,0.45867,0.0086593,0.0096153,0.0081691
0.21773,0.31247,0.42412,0.0078633,0.0095427,0.0079563
0.23085,0.30226,0.34669,0.0082718,0.0098446,0.008211
0.22968,0.26509,0.44162,0.0093376,0.0099115,0.0082865
0.21592,0.30982,0.47388,0.008952,0.010192,0.008141
0.22549,0.32203,0.43639,0.0079699,0.010197,0.0083446
0.22478,0.26846,0.49739,0.0088833,0.010087,0.0083535
0.2297,0.30415,0.5155,0.0096556,0.0099558,0.0085231
0.24795,0.33135,0.45764,0.0085543,0.0098541,0.0088178
0.24947,0.2899,0.45208,0.0087994,0.010068,0.0088926
0.24122,0.31363,0.50986,0.0091016,0.01011,0.008724
